6.15 0.05 0.05
0.0 0.0
0.01765087605451003 0.10955805243445692
0.0602206359506814 0.13567041198501872
0.13134328358208952 0.1561198501872659
0.19000648929266722 0.16304119850187265
0.2507462686567164 0.14584269662921345
0.3099286177806619 0.12329588014981271
0.4199870214146659 0.04485393258426962
0.47086307592472426 0.022202247191011187
0.5165476963011033 0.010666666666666602
0.573653471771577 0.0031161048689137827
0.5990914990266063 0.0010187265917602217
0.9557430240103828 0.00038951310861415345
