6.25 0.5 0.5
0.013543988632956605 0.1596186669997086
0.05417595453182642 0.18885974772074438
0.1221566097010937 0.19387202864160527
0.17712773584659705 0.15926480995795347
0.26300627012370786 0.08306898130802215
0.31027335653670174 0.038295657965946465
0.2226610874297707 0.12081512010324301
0.3697678359600068 -0.012593147662462013
0.44506146285505715 -0.04760001665209609
0.5181651089124399 -0.06194579742725116
0.6149022981763196 -0.06720369676533035
0.8050917054475774 -0.06505141334665501
0.9508427515544954 -0.06459764372840432
