6.0 0.0 0.0
0.001196653342933035 1.0733982902840336
0.047463939025298524 1.518384042650979
0.1324312917401127 1.973389098262708
0.22976240720971228 1.9344149278426326
0.316338538692619 1.6613199742623403
0.3739119640507461 1.4112969942090265
0.43842697187119845 1.1951006526335142
0.5326001142034311 0.9273830315286332
0.6385113831028577 0.6543340380549684
0.7192035552024629 0.3931427520911849
0.8258447329874128 0.1282286974905782
0.8951860771121429 0.04030701351227135
0.99633059410611 0.004779851089254527
