8.5 0.5 0.5
0.020032702408086384 0.03633771072422438
0.22164304826082648 0.14254501966376118
0.3679714597165792 0.3573054897541455
0.47282727182638 0.8362733147811688
0.5509860271529086 1.301258020744693
0.6141016747596869 1.7633909063728985
0.7012089981171341 2.087900462270877
0.8172876820929542 2.243186679239208
0.89428698840551 1.7651847933580185
0.7475572292141512 2.2235459166072538
0.8777425428599743 1.926818610427543
0.9499554058071551 1.236310112462915
0.9905658507581014 0.8406890365906948
