12.0 2.0 2.0
0.032739878667822186 0.009916078212530316
0.14627708307539927 0.03715309823785709
0.29637736783459206 0.09909639200703999
0.4337600594280055 0.19864351484192225
0.5287705831373035 0.3752656092378356
0.6047195740992943 0.7104161747977077
0.6515488423919773 1.00815608164667
0.6867896496223846 1.4236011246807323
0.7402154265197476 1.9752312678414286
0.7813247492881021 2.410057736472709
0.8157187074408816 2.7911828464724944
0.8536486319177914 3.1947157176278678
0.9044150055713756 3.269665815286214
0.9408443729107343 2.979652722628834
0.9729503528537824 2.676182095254448
0.9891444843382446 2.2607370522203856
