7.0 0.0 0.0
0.04632334702202133 0.04497517278880414
0.19600777223493096 0.1047608145042428
0.2849750571893173 0.34896899102786083
0.35179698481382465 0.6569981254382324
0.42850646308188406 1.3036790063391668
0.4767935396742276 1.8508793268749195
0.5152412975773778 2.3753273328277262
0.5465300553978447 2.9029806963066838
0.5870655678968112 3.251391611693831
0.6310944519471929 3.0683428015397163
0.6824890444560814 2.5227737790306657
0.7165476945125817 2.040252994290457
0.7539894716533914 1.4730191892162614
0.7730962158586666 1.022523360473935
0.7966954220985034 0.6323283201923215
0.8321941405065734 0.2883820099308845
0.9031157842515779 0.006425024684114877
0.9700341757848028 -0.014982184508392615
