7.9 0.6 0.6
0.0046992481203007586 0.0187090739008422
0.09116541353383456 0.0280636108512633
0.13063909774436094 0.037418147801685286
0.1607142857142857 0.0467726847521055
0.1889097744360902 0.0608044901777367
0.24154135338345833 0.0748362956033688
0.2734962406015038 0.09354536950421011
0.3016917293233083 0.11693171188026241
0.33364661654135336 0.1449953227315257
0.36560150375939854 0.17773620205799912
0.3872180451127822 0.21047708138447252
0.42011278195488716 0.27128157156220833
0.4539473684210527 0.33208606173994415
0.49154135338345856 0.41159962581852305
0.5159774436090225 0.47708138447146986
0.5479323308270676 0.5799812909261002
0.5761278195488722 0.6641721234798883
0.6099624060150375 0.8325537885874654
0.6362781954887218 0.9401309635173067
0.667293233082707 1.1599625818522004
0.6832706766917291 1.2160898035547243
0.7208646616541352 1.440598690364828
0.7349624060150377 1.5247895229186166
0.75 1.646398503274089
0.7678571428571428 1.8054256314312447
0.8016917293233083 2.100093545369505
0.8157894736842104 2.198316183348925
0.8411654135338347 2.427502338634238
0.8562030075187972 2.497661365762395
0.875 2.675397567820393
0.8825187969924813 2.712815715622077
0.9135338345864663 3.0402245088868103
0.9398496240601502 3.2881197380729668
0.9483082706766919 3.3208606173994384
0.9614661654135339 3.479887745556595
0.974624060150376 3.816651075771749
0.9849624060150377 4.190832553788588
0.9999999999999998 4.892422825070159
