11.0 2.0 2.0
0.12442771547088648 0.0271987334321148
0.361438008910739 0.12462703229342155
0.537194653556614 0.057239125581017715
0.6929021355046858 0.2518927476810035
0.7821017053310801 0.7970852700590658
0.8103548932247657 1.6601376174721414
0.8627899831003227 3.9342764933931433
0.8747119373175604 5.012483000791605
0.8974189583653404 6.563825684535287
0.9235980949454602 7.879310694785556
0.9526962667076356 6.94582580632066
0.9639422338300815 5.199017597986481
0.9772776156091566 4.037185134065399
0.9843908434475342 3.073862829074228
0.9996620064526042 2.3819189315363225
