7.0 0.0 0.0
0.004550631053712944 0.7019411472844548
0.021602582917522747 0.6908026411205679
0.09755444672732609 0.6192084271592688
0.05763193425300851 0.6684523491469792
0.12187613736425008 0.6449173695660471
0.14631992955679485 0.6874500973245297
0.19992720868799532 0.6639639708408076
0.2190173172879366 0.6272936147475288
0.24808687995303788 0.5761444219686271
0.2759260346345759 0.6444532651425519
0.29948224244203114 0.7083286897446663
0.33161373642500735 0.7065760848822564
0.37603522160258296 0.7091530857600856
0.40011740534194307 0.7052081981603755
0.42403052538890523 0.7580794626159306
0.44363721749339596 0.8107553146826458
0.4856683299090109 0.8605366207396665
0.5408629292632815 0.8918758825999009
0.6007255650132082 0.9142444944849433
0.6498714411505724 1.00784092210221
0.6981297329028471 0.9161253387275294
0.7516947461109481 0.9657417655814664
0.8006997358379807 0.8912713255219267
0.8486856471969475 0.8547108888973705
0.8834986791899032 0.8211793442998359
0.900973290284708 0.7983466279912981
0.9219277957147051 0.72661196137552
0.9384302905782214 0.6878103889164536
0.9504432051658351 0.6434823098355025
0.9602019371881421 0.6052975077287126
0.976558849427649 0.5599251936948972
0.9999037276196068 0.49410785847868405
