8.6 0.0 0.0
0.027984737305547402 0.0068226403572382854
0.1170249486351629 0.005766192130071374
0.27596360434399764 0.013295675737567264
0.17586850601702378 0.009405747872218623
0.41839037276196067 0.025594442960192365
0.4684050484297036 0.038137475668867604
0.5227965952450837 0.05908324109766802
0.5653724684473144 0.07328117247433305
0.6148423833284414 0.09132628525628793
0.6503081890226006 0.10237929850005725
0.7000363956560024 0.14526010457616123
0.7423117111828589 0.16831265982214422
0.7976659818021721 0.1849043929621007
0.8284919283827414 0.22259455745963896
0.8693912533020253 0.27531315598641276
0.8997992368652774 0.31224609747719556
0.9259853243322571 0.4056654326170757
0.9456108012914588 0.47465211251478956
0.9564496624596419 0.5500812946070761
0.9785030818902261 0.770384336475707
0.9708388611681832 0.6684096026869204
0.9854018197828002 0.8438410747681386
0.9966915174640446 0.9892584252509447
0.3384467273260934 0.020715239876340608
