5.8 0.0 0.0
0.0005682418550044027 0.4129079042784627
0.02198297622541826 0.5172398000076333
0.03748987378925741 0.6146834090301897
0.043571470501907836 0.6726170756841342
0.06095215732315821 0.7197847410404183
0.096 0.7176779512232359
0.12681185793953625 0.7975832983473914
0.14588318168476666 0.8616174955154383
0.17388670384502494 0.9101652608679058
0.19923686527737014 0.958920651883516
0.2510407983563252 0.9978748902713637
0.29454652186674496 0.8342292278920653
0.3351734663927209 0.749829395824587
0.3998685060170238 0.6715484141826649
0.4323146463164074 0.48547918018396247
0.4497845611975345 0.40662417464982253
0.4689779864983857 0.33832143811304916
0.49867684179630173 0.2634845998244342
0.5161561491047842 0.1837135987176062
0.5523592603463457 0.07781840387771459
0.6015380099794541 0.05398419907637114
0.6345429997064866 0.020782412885004403
0.7108517757557969 0.0028960726689820915
