10.4 0.0 0.0
0.0010519518638098034 0.13459180947292088
0.05284179630173173 0.1475500935078814
0.12481127091282654 0.14684172359833594
0.09902905782213091 0.14096713865882982
0.2430055767537423 0.1644837983283081
0.2975004402700323 0.18996679516049006
0.3487783974170825 0.2267531773596428
0.4042876430877605 0.21857639021411399
0.4491317874963311 0.2589901148811114
0.5018843557381861 0.2694568909583604
0.5292585852656296 0.30508301209877486
0.5668564719694746 0.33735658944315106
0.616509539184033 0.3777947406587535
0.6525388905195186 0.40120758749666047
0.6707508071617259 0.4370230143887638
0.6955749926621662 0.47569634746765393
0.7151206339888465 0.4955001717491699
0.7679624302905782 0.5405060875539102
0.8126562958614617 0.5919606121903744
0.9204390959788671 0.8042639593908629
0.8635867331963605 0.6866134880348078
0.9966915174640446 0.9892584252509447
0.1870173172879366 0.15686882180069464
