5.0 0.0 0.0
0.003461109480481362 0.9917865730315638
0.015478720281772822 0.8972558299301554
0.03137070736718521 0.7947742452578146
0.04502260052832404 0.7216655852830045
0.05907367185206927 0.6940086256249762
0.0996583504549457 0.6857890920193885
0.11263868506017025 0.6141765581466356
0.12601350161432345 0.5410373649860692
0.13786674493689463 0.48257852753711694
0.14875726445553272 0.431178962635014
0.15992955679483417 0.4003954047555437
0.17578397417082478 0.35146902789969847
0.1861766950396243 0.3073607877561925
0.20325682418550045 0.2686202816686386
0.2205529791605518 0.23787947024922715
0.24405283240387438 0.19992672035418496
0.2596207807455239 0.1560444257852754
0.2715303786322278 0.12082134269684364
0.2911276783093631 0.08131140032823175
0.31650132081009685 0.05101026678371054
0.35649897270325803 0.027872218617610023
0.4044003522160258 0.016208541658715325
0.45025887877898446 0.0014426930269837157
