7.0 0.0 0.0
0.034283899163713834 0.04570970328789094
0.13473134238442874 0.10246409564773638
0.2462799778742887 0.29344973390683093
0.32424572683509223 0.5744605234380695
0.38247358880132315 0.9638131515637529
0.41440252364548474 1.486549537070788
0.4517916897142826 2.0215061602391193
0.4780906168363519 2.4754592841000216
0.5071114445789269 2.8995042647809286
0.5284923299359778 3.277019391995334
0.5597312054678986 3.5109262229350438
0.602126039881047 3.373195669607057
0.6223951630128208 3.0997576000583216
0.6508628479733615 2.6507527156083692
0.6650254938579244 2.3138623605744697
0.6787007168949521 2.0523984836334472
0.6985426604524817 1.6063188014872056
0.7154545902635917 1.2768918130786615
0.7415508809209553 0.845000729022381
0.7786388306232989 0.40668513523365163
0.8622291106449864 0.020831814536706277
0.9447404884086466 0.006369833053874754
